Default Search для -3:
[-49] [92] [22] [99] [-75] [-2] [-25] [-99] [73] [38] [-37] [-54] [-67] [-43] [-3] [-87] [-54] [82] [-59] [46] [100] [25] [57] [-54] [31] 
Элемент -3 найден. Количество вхождений: 1

Default Search для -3:
[-22] [-100] [78] [-79] [-39] [-60] [-71] [66] [21] [94] [-44] [-4] [16] [100] [-54] [96] [-73] [17] [67] [-15] [-43] [-44] [10] [27] [-56] 
Элемент -3 не найден.

Default Search для -3:
[-73] [33] [25] [64] [-64] [42] [11] [59] [80] [11] [-98] [-54] [-4] [62] [-93] [4] [-44] [82] [4] [-24] [24] [43] [15] [-36] [80] 
Элемент -3 не найден.

Default Search для -3:
[85] [-56] [85] [52] [55] [-42] [-88] [85] [56] [-25] [83] [-38] [36] [56] [-36] [66] [10] [68] [24] [-12] [56] [-37] [-16] [-8] [-70] 
Элемент -3 не найден.

Default Search для -3:
[70] [-39] [-92] [42] [53] [-24] [-56] [11] [94] [37] [-9] [-45] [-64] [-76] [32] [-43] [-14] [22] [31] [92] [67] [-12] [-11] [-96] [-33] 
Элемент -3 не найден.

Quick Sort :
[-99] [-87] [-75] [-67] [-59] [-54] [-54] [-54] [-49] [-43] [-37] [-25] [-3] [-2] [22] [25] [31] [38] [46] [57] [73] [82] [92] [99] [100] 

Binary Search для -3:
[-99] [-87] [-75] [-67] [-59] [-54] [-54] [-54] [-49] [-43] [-37] [-25] [-3] [-2] [22] [25] [31] [38] [46] [57] [73] [82] [92] [99] [100] 
Элемент -3 найден. Количество вхождений: 1

Quick Sort :
[-100] [-79] [-73] [-71] [-60] [-56] [-54] [-44] [-44] [-43] [-39] [-22] [-15] [-4] [10] [16] [17] [21] [27] [66] [67] [78] [94] [96] [100] 

Binary Search для -3:
[-100] [-79] [-73] [-71] [-60] [-56] [-54] [-44] [-44] [-43] [-39] [-22] [-15] [-4] [10] [16] [17] [21] [27] [66] [67] [78] [94] [96] [100] 
Элемент -3 не найден.

Quick Sort :
[-98] [-93] [-73] [-64] [-54] [-44] [-36] [-24] [-4] [4] [4] [11] [11] [15] [24] [25] [33] [42] [43] [59] [62] [64] [80] [80] [82] 

Binary Search для -3:
[-98] [-93] [-73] [-64] [-54] [-44] [-36] [-24] [-4] [4] [4] [11] [11] [15] [24] [25] [33] [42] [43] [59] [62] [64] [80] [80] [82] 
Элемент -3 не найден.

Quick Sort :
[-88] [-70] [-56] [-42] [-38] [-37] [-36] [-25] [-16] [-12] [-8] [10] [24] [36] [52] [55] [56] [56] [56] [66] [68] [83] [85] [85] [85] 

Binary Search для -3:
[-88] [-70] [-56] [-42] [-38] [-37] [-36] [-25] [-16] [-12] [-8] [10] [24] [36] [52] [55] [56] [56] [56] [66] [68] [83] [85] [85] [85] 
Элемент -3 не найден.

Quick Sort :
[-96] [-92] [-76] [-64] [-56] [-45] [-43] [-39] [-33] [-24] [-14] [-12] [-11] [-9] [11] [22] [31] [32] [37] [42] [53] [67] [70] [92] [94] 

Binary Search для -3:
[-96] [-92] [-76] [-64] [-56] [-45] [-43] [-39] [-33] [-24] [-14] [-12] [-11] [-9] [11] [22] [31] [32] [37] [42] [53] [67] [70] [92] [94] 
Элемент -3 не найден.

Default Search для 7:
[-82] [83] [-53] [21] [93] [-25] [6] [-38] [-98] [33] [84] [-85] [-57] [36] [-39] [91] [77] [48] [42] [-35] [-16] [100] [-41] [-10] [13] 
Элемент 7 не найден.

Default Search для 7:
[85] [-97] [48] [8] [-82] [-9] [-12] [-71] [-61] [-80] [49] [17] [-37] [24] [66] [59] [2] [56] [-91] [-98] [87] [46] [78] [-58] [27] 
Элемент 7 не найден.

Default Search для 7:
[-53] [-83] [-99] [-51] [-25] [-34] [71] [-27] [43] [-6] [-11] [7] [-35] [-3] [-93] [-16] [-11] [40] [37] [79] [95] [-26] [-97] [-39] [1] 
Элемент 7 найден. Количество вхождений: 1

Default Search для 7:
[41] [-57] [97] [-27] [-20] [-27] [-21] [59] [7] [-4] [81] [-29] [-71] [49] [77] [-20] [-40] [-40] [-88] [78] [70] [-71] [33] [-51] [-54] 
Элемент 7 найден. Количество вхождений: 1

Default Search для 7:
[90] [96] [-82] [-37] [-13] [71] [-98] [46] [-97] [15] [-2] [76] [-86] [-30] [83] [81] [-12] [55] [2] [-15] [-98] [-56] [23] [-82] [92] 
Элемент 7 не найден.

Quick Sort :
[-98] [-85] [-82] [-57] [-53] [-41] [-39] [-38] [-35] [-25] [-16] [-10] [6] [13] [21] [33] [36] [42] [48] [77] [83] [84] [91] [93] [100] 

Binary Search для 7:
[-98] [-85] [-82] [-57] [-53] [-41] [-39] [-38] [-35] [-25] [-16] [-10] [6] [13] [21] [33] [36] [42] [48] [77] [83] [84] [91] [93] [100] 
Элемент 7 не найден.

Quick Sort :
[-98] [-97] [-91] [-82] [-80] [-71] [-61] [-58] [-37] [-12] [-9] [2] [8] [17] [24] [27] [46] [48] [49] [56] [59] [66] [78] [85] [87] 

Binary Search для 7:
[-98] [-97] [-91] [-82] [-80] [-71] [-61] [-58] [-37] [-12] [-9] [2] [8] [17] [24] [27] [46] [48] [49] [56] [59] [66] [78] [85] [87] 
Элемент 7 не найден.

Quick Sort :
[-99] [-97] [-93] [-83] [-53] [-51] [-39] [-35] [-34] [-27] [-26] [-25] [-16] [-11] [-11] [-6] [-3] [1] [7] [37] [40] [43] [71] [79] [95] 

Binary Search для 7:
[-99] [-97] [-93] [-83] [-53] [-51] [-39] [-35] [-34] [-27] [-26] [-25] [-16] [-11] [-11] [-6] [-3] [1] [7] [37] [40] [43] [71] [79] [95] 
Элемент 7 найден. Количество вхождений: 1

Quick Sort :
[-88] [-71] [-71] [-57] [-54] [-51] [-40] [-40] [-29] [-27] [-27] [-21] [-20] [-20] [-4] [7] [33] [41] [49] [59] [70] [77] [78] [81] [97] 

Binary Search для 7:
[-88] [-71] [-71] [-57] [-54] [-51] [-40] [-40] [-29] [-27] [-27] [-21] [-20] [-20] [-4] [7] [33] [41] [49] [59] [70] [77] [78] [81] [97] 
Элемент 7 найден. Количество вхождений: 1

Quick Sort :
[-98] [-98] [-97] [-86] [-82] [-82] [-56] [-37] [-30] [-15] [-13] [-12] [-2] [2] [15] [23] [46] [55] [71] [76] [81] [83] [90] [92] [96] 

Binary Search для 7:
[-98] [-98] [-97] [-86] [-82] [-82] [-56] [-37] [-30] [-15] [-13] [-12] [-2] [2] [15] [23] [46] [55] [71] [76] [81] [83] [90] [92] [96] 
Элемент 7 не найден.

Bubble Sort:
[-56] [1] 

Bubble Sort:
[34] [81] 

Bubble Sort:
[-27] [55] 

Bubble Sort:
[-29] [96] 

Bubble Sort:
[-59] [31] 

Bubble Sort:
[-94] [-77] [-35] [50] [62] 

Bubble Sort:
[-55] [-24] [72] [74] [81] 

Bubble Sort:
[-95] [-50] [-33] [1] [50] 

Bubble Sort:
[-40] [37] [40] [66] [69] 

Bubble Sort:
[-41] [-29] [53] [64] [89] 

Default Search для 2:
[-35] [62] [-94] [-77] [50] 
Элемент 2 не найден.

Default Search для 2:
[81] [-55] [74] [-24] [72] 
Элемент 2 не найден.

Default Search для 2:
[-50] [1] [-33] [50] [-95] 
Элемент 2 не найден.

Default Search для 2:
[66] [69] [37] [-40] [40] 
Элемент 2 не найден.

Default Search для 2:
[-29] [53] [-41] [64] [89] 
Элемент 2 не найден.

Quick Sort :
[-94] [-77] [-35] [50] [62] 

Binary Search для 2:
[-94] [-77] [-35] [50] [62] 
Элемент 2 не найден.

Quick Sort :
[-55] [-24] [72] [74] [81] 

Binary Search для 2:
[-55] [-24] [72] [74] [81] 
Элемент 2 не найден.

Quick Sort :
[-95] [-50] [-33] [1] [50] 

Binary Search для 2:
[-95] [-50] [-33] [1] [50] 
Элемент 2 не найден.

Quick Sort :
[-40] [37] [40] [66] [69] 

Binary Search для 2:
[-40] [37] [40] [66] [69] 
Элемент 2 не найден.

Quick Sort :
[-41] [-29] [53] [64] [89] 

Binary Search для 2:
[-41] [-29] [53] [64] [89] 
Элемент 2 не найден.

Quick Sort :
[-94] [-77] [-35] [50] [62] 

Quick Sort :
[-55] [-24] [72] [74] [81] 

Quick Sort :
[-95] [-50] [-33] [1] [50] 

Quick Sort :
[-40] [37] [40] [66] [69] 

Quick Sort :
[-41] [-29] [53] [64] [89] 

Insertion Sort:
[23] [85] 

Insertion Sort:
[25] [46] 

Insertion Sort:
[-81] [4] 

Insertion Sort:
[-59] [20] 

Insertion Sort:
[-19] [9] 

Shell Sort:
[23] [85] 

Shell Sort:
[25] [46] 

Shell Sort:
[-81] [4] 

Shell Sort:
[-59] [20] 

Shell Sort:
[-19] [9] 

Quick Sort :
[23] [85] 

Quick Sort :
[25] [46] 

Quick Sort :
[-81] [4] 

Quick Sort :
[-59] [20] 

Quick Sort :
[-19] [9] 

